79 32 23 510 530 10 50 2 34
105 47 37 100 130 20 50 2 34
145 -409 1
0 -427 2
-172 -409 3
-327 -273 4
-409 -136 5
-409 136 6
-327 291 7
-164 418 8
0 438 9
164 418 10
318 291 11
400 136 12
400 -127 13
318 -282 14
155 -255 15
-9 -264 16
-164 -255 17
-255 -127 18
-345 0 19
-255 136 20
-164 273 21
0 273 22
155 264 23
245 145 24
327 0 25
245 -123 26
68 -127 27
-86 -127 28
-182 0 29
-86 136 30
73 132 31
163 9 32
-482 0 33
482 0 34
-245 -643 1
14 -657 2
252 -636 3
503 -433 4
629 -210 5
615 217 6
482 440 7
231 643 8
-14 664 9
-266 650 10
-510 433 11
-636 210 12
-629 -210 13
-496 -433 14
-239 -398 15
-7 -412 16
252 -398 17
384 -196 18
510 0 19
377 210 20
231 405 21
-14 426 22
-259 405 23
-391 196 24
-517 7 25
-384 -196 26
-126 -203 27
126 -196 28
266 0 29 
112 210 30
-126 203 31
-273 7 32
-741 0 33
727 0 34
